
function [ Phases ] = phases_Ieee13

Phases   = [1;2;3;   0;2;3;   1;2;3;   1;2;3;   1;2;3;   1;2;3;   0;2;3;...
            1;2;3;   1;2;3;   1;0;3;   1;2;3;   0;0;3;   1;0;0];

end

