function [power_ith] = power_ieee13

sbase = 8*10^4;
%10^5;

%%
power_inj = [8.5	5	0
33	19	0
8.5	34	0
0	0	0
170	125	0
0	0	0
8.5	5	0
33	19	0
8.5	34	0
0	0	0
0	0	0
0	0	0
385	220	0
385	220	0
385	220	0
160	110	0
120	90	0
120	90	0
0	0	0
230	132	0
0	0	0
0	0	0
0	0	0
0	151	0
0	0	0
0	0	0
0	0	0
0	0	0
0	0	0
0	0	0
485	190	200
68	60	200
290	212	200
0	0	0
0	0	0
170	80	0
128	86	0
0	0	0
0	0	0];

%%

power_inj = [0 0 0
0 0 0
0 0 0
0 0 0
170 125 0
0 0 0
17 10 0
66 38 0
117 68 0
0 0 0
0 0 0
0 0 0
0 0 0
0 0 0
1155 660 0
160 110 0
120 90 0
120 90 0
0 0 0
230 123 0
0 0 0
0 0 0
0 0 0
170 151 0
0 0 0
0 0 0
0 0 0
0 0 0
0 0 0
0 0 0
485 190 0
68 60 0
290 212 0
0 0 0
0 0 0
170 80 0
128 86 0
0 0 0
0 0 0];

%%

power_inj = [0	0	0
0	0	0
0	0	0
0	0	0
170	125	0
0	0	0
17	10	0
66	38	0
117	68	0
-118.900000000000	7014	0
-117.700000000000	0	-7462
-126.700000000000	40.5800000000000	0
0	0	0
0	0	0
1155	660	0
160	110	0
120	90	0
120	90	0
0	0	0
230	132	0
0	0	0
-122.500000000000	28	0
-92.4000000000000	0	13
27.8000000000000	151	12
0	0	0
0	0	0
0	0	0
0	0	0
0	0	0
0	0	0
360	214	200
-27.5000000000000	60	210
153.500000000000	212	212.900000000000
0	0	0
0	0	0
170	80	100
128	86	0
0	0	0
0	0	0];

%%

power_13bus = -power_inj(:,1)  + 1i*( -power_inj(:,2) +  power_inj(:,3) ); % Powers in Kwatts .............
power_ith   =  power_13bus./sbase;                                           % converting all the values to MW and then p.u. 

%power_ith   = power_ith/sbase;
end