function [YY_Line] = YY_matrix_Ieee13(n_branch)


A12 = [ 19.8165-57.1173i  -8.4078+21.1173i  -4.6042+15.7860i
        -8.4078+21.1173i  17.3520-54.1243i  -2.1857+12.0565i
        -4.6042+15.7860i  -2.1857+12.0565i  15.3448-51.0604i];
%%
A23 = [ 0                    0                  0
        0     7.4499-6.9311i  -2.5000+1.0376i
        0    -2.5000+1.0376i   7.5017-6.8995i];
%%
A24 = [   5.9420-17.1266i  -2.5211+6.3320i  -1.3806+4.7334i
          -2.5211+6.3320i   5.2030-16.2292i  -0.6554+3.6151i
          -1.3806+4.7334i  -0.6554+3.6151i   4.6011-15.3105i];
%%
A25  = [9.6296-12.3452i  -2.5874+2.6060i   -3.7024+2.9248i
       -2.5874+2.6060i    8.4943-12.2233i  -1.8828+2.3923i
       -3.7024+2.9248i   -1.8828+2.3923i    8.9800-12.2617i];
%%
A46  = [ 2.9732-8.5697i  -1.2615+3.1684i  -0.6908+2.3685i
        -1.2615+3.1684i   2.6035-8.1207i  -0.3279+1.8089i
        -0.6908+2.3685i  -0.3279+1.8089i   2.3023-7.6610i];
%%
A57 = [   4.9541-14.2793i  -2.1020+5.2793i   -1.1510+3.9465i
         -2.1020+5.2793i    4.3380-13.5311i  -0.5464+3.0141i
         -1.1510+3.9465i   -0.5464+3.0141i    3.8362-12.7651i];
%%
A38 = [0                    0                  0
       0     12.4165-11.5519i  -4.1666+1.7294i
       0    -4.1666+1.7294i  12.5028-11.4992i];
%%
A69 = 1.0e+03 *[   1.9816 - 5.7117i  -0.8408 + 2.1117i  -0.4604 + 1.5786i
  -0.8408 + 2.1117i   1.7352 - 5.4124i  -0.2186 + 1.2056i
  -0.4604 + 1.5786i  -0.2186 + 1.2056i   1.5345 - 5.1060i];
%%
A610 = [3.9633-11.4235i  -1.6816+4.2235i   -0.9208+3.1572i
       -1.6816+4.2235i    3.4704-10.8249i  -0.4371+2.4113i
       -0.9208+3.1572i   -0.4371+2.4113i    3.0690-10.2121i];
%%
A611 = [ 12.4165-11.5519i  0 -4.1666+ 1.7294i
                         0  0                 0
         -4.1666+1.7294i  0  12.5028-11.4992i];
    
%%
A912 = [  18.0194-13.5613i  -4.2027+5.3289i   -1.8706+4.3135i
          -4.2027+5.3289i   19.9818-14.1858i  -4.2027+5.3289i
          -1.8706+4.3135i   -4.2027+5.3289i   18.0194-13.5613i];
%%
A1113 = [0  0  0
         0  0  0
         0  0  11.3003-11.4558i];
%%
A1114 = [  7.4258 - 2.8342i     0     0
                         0     0     0
                         0     0     0];

%%

YY_Line = cell(1,n_branch);

YY_Line(1,1) = {A12};    YY_Line(1,2) = {A23};    YY_Line(1,3) = {A24};
YY_Line(1,4) = {A25};    YY_Line(1,5) = {A46};    YY_Line(1,6) = {A57};
YY_Line(1,7) = {A38};    YY_Line(1,8) = {A69};    YY_Line(1,9) = {A610};
YY_Line(1,10) = {A611};  YY_Line(1,11) = {A912};  YY_Line(1,12) = {A1113};
YY_Line(1,13) = {A1114};

end